0.004690799999991668
0.17577099999999746
0.4540941999999859
0.795712199999997
1.0851683000000207
1.868727000000007
1.9769362000000115
1.455469600000015
2.2443132999999875
3.6412455999999906
4.490448900000047
3.451608399999998
3.979062400000032
5.437724500000002
4.758931299999972
4.617261199999973
4.935768199999984
4.87479529999996
7.51667539999994
6.1461448999999675
5.143557299999998
0.005042500000058681
0.28613210000003164
0.5462797999999793
0.9855727000000343
1.258540499999981
2.083740599999942
2.6725260000000617
3.405748600000038
2.778679400000101
4.50975649999998
6.316247299999986
5.170998700000041
6.8321838000000525
8.033280500000046
7.901108900000054
6.981583699999987
8.797313200000076
8.061097099999984
15.669983600000023
10.470698199999902
12.47198299999991
0.020179800000050818
0.9208208999998533
1.7564033999999538
5.102834600000051
5.758575399999927
7.583822399999917
6.00264530000004
7.697623000000021
8.927078299999948
12.444259200000033
12.850588300000027
12.680209500000046
16.102283699999816
25.336122700000033
21.19774510000002
57.58327710000003
32.22897399999988
48.262920699999995
34.90668729999993
47.19103210000003
36.920106099999884
0.016859500000009575
0.34681620000014846
0.43845650000002934
0.7627035000000433
0.929012099999909
1.4194441999998162
1.5760592999999972
1.8322087999999894
2.2807324000000335
2.3083417999996527
2.7409551999999167
2.6548109999998815
3.0339436999997815
3.278575400000136
3.6797959999998966
3.6850804000000608
4.651585200000227
4.4113924999996925
6.647037199999886
5.0792795000002116
5.1662718000002315
