0.0015292999999871881
0.116121899999996
0.28167049999998994
0.813779100000005
0.6921708999999794
0.7807944999999847
0.9770062000000053
1.3025237999999888
1.134941700000013
1.5763667999999598
2.5446468000000095
2.2760299999999916
2.115603800000031
2.34276779999999
2.3532063000000107
2.07928940000005
2.7654436999999916
2.93486630000001
2.926988299999948
3.030687700000044
2.7165943999999627
0.00023729999998067797
0.17575369999997292
0.28367630000002464
0.6015125999999782
0.8591277000000446
1.0824411999999484
1.0957565999999588
1.3122925000000123
1.3738542000000962
1.7744774000000234
2.4791450999999824
2.3263655000000654
2.5965059999999767
3.220594099999971
2.645313099999953
2.6273519999999735
3.6375825000000077
3.0025653999999804
6.309953299999961
4.046066899999914
4.173861200000147
0.002942799999800627
0.309164600000031
0.5960050999999567
1.0202787000000626
1.419129200000043
1.1258757000000514
1.5669460999999956
1.6713130999999066
2.212994299999991
3.0765839000000597
2.1510304999999335
3.0176277999999
3.901453500000116
3.8386421000000155
2.8296706000000995
4.468840600000021
5.32299520000015
6.843683199999987
6.4022626000000855
5.924939900000027
5.8052646000001005
0.013851400000021385
0.30316560000005666
0.38613509999981943
0.6467728000000079
0.9029907999999978
1.1116534000002503
1.3749745000000075
1.6397869000002174
2.0305398999998943
2.148743199999899
2.4852303000002394
2.503717599999618
2.737188200000219
2.948921999999584
3.293145000000095
3.859278500000073
3.843869600000289
3.8664899000000332
5.150522699999783
5.222095799999806
6.630972999999813
