0.0014264000000139276
0.10913729999998623
0.2573823000000175
0.5826174999999978
0.6173299999999813
1.0479175000000112
0.9431366999999966
0.847703800000005
1.2480017999999973
1.59093519999999
2.220711300000005
1.9561184000000367
2.204921000000013
2.4913627000000247
2.6407925999999975
2.242195200000026
2.991161199999965
2.5967039000000227
2.6353791999999885
2.8429107000000613
3.4065239999999903
0.0005022999999937383
0.15665350000006129
0.2399858999999651
0.5129653000000189
1.000992799999949
0.9351696999999604
0.9826674000000821
1.1851047999999764
1.205411599999934
1.7653229999999667
2.240160199999991
2.275784399999907
3.000919700000054
3.541014300000029
2.4160877999999
2.7723852000000306
3.5107689000000164
3.0277874999999312
5.299821599999973
4.232067599999937
3.7632754999999634
0.001456399999824498
0.26933949999988727
0.7230580999998892
1.5193748000001506
1.4802501000001484
1.1110826000001452
1.6247945999998592
1.667208999999957
2.1024545000000217
3.602438500000062
2.8098066000000017
3.201962400000184
4.00451030000022
5.225969000000077
3.1838536000000204
5.166939900000216
5.907005799999979
5.942157500000121
7.196798899999976
9.316017900000134
8.02573150000012
0.002014099999996688
0.30119680000007065
0.3225105999999869
0.591070899999977
0.856739399999924
1.1064070000002175
1.388335200000256
1.6729423000001589
2.0231253999995715
2.061106899999686
2.436164799999915
2.2458918000002086
2.541331899999932
2.6354040000001078
3.3240187000001242
3.1783047000003535
3.7321247999998377
3.8873452000002544
6.533264800000325
4.399136100000305
6.09586360000003
