0.00018549999998640487
0.10237200000000257
0.22567390000000387
0.6281550999999865
0.5707987999999773
0.9293638000000044
0.8141066000000023
0.8446901000000082
1.1761008999999945
1.5454835999999545
1.9123447999999712
1.5134615000000053
1.9785491000000093
2.015237300000024
1.7204662999999982
2.0559377000000154
2.7993013999999903
2.194129900000007
2.3659724000000324
2.785788299999922
2.4729340000000093
0.00019679999991240038
0.1330444999999827
0.24081269999999222
0.4292013000000452
0.7864969999999403
0.9045214000000215
1.0070632000000614
1.163343300000065
1.1500401000000693
1.653293099999928
1.9180962000000363
1.884604999999965
2.760815399999956
3.043434100000013
1.8278947999999673
2.434158600000046
3.1258412999999337
2.8417445000000043
7.0098957000000155
2.995743199999879
3.9089116000000104
0.0004744999998820276
0.29777579999995396
0.5196809999999914
1.3115746999999374
1.758208199999899
0.9948663000000124
1.4877747000000454
1.4898881000001438
2.095477300000084
2.5070285000001604
2.4429282000000967
2.7996401000000333
3.091310399999884
3.522500399999899
3.812198300000091
4.2519805000001725
5.519712100000106
6.7798272
4.387243800000078
6.153247599999986
5.586959200000138
0.00019569999994928367
0.22472399999992376
0.2956644000000779
0.537789900000007
0.7300447999998596
0.9835422000001017
1.2711687999999413
1.3790573000001132
1.7757532000000538
1.81146310000031
1.987598700000035
2.0314533000000665
2.580244799999946
2.499745399999938
2.616480899999715
3.4133053999998992
3.3335816000003433
3.318739899999855
3.896701099999973
4.478487500000028
4.4948357999996915
