0.0002784999999789761
0.20361879999998678
0.2634898000000021
0.7578828999999985
0.622453500000006
1.1179562999999746
0.9268557999999985
0.9875089999999886
1.4784335999999598
2.048874899999987
2.2489899000000264
1.6034627000000228
2.0517102000000023
2.552898299999981
2.615423099999987
2.9533078000000046
3.3863995999999474
2.4043583999999782
2.9689714999999524
3.050249699999995
3.057122599999957
0.0006355000000439759
0.15400290000002315
0.26769819999992706
0.4866805999999997
0.9634988999999905
1.177055800000062
1.0683883999998898
1.3402017999999316
1.427327699999978
1.904705100000001
2.4381541000000198
2.1780045000000428
3.2654807999999775
3.225931199999991
2.437923000000069
2.893909600000029
4.050492100000042
3.797816500000067
5.655662099999972
4.231998499999918
4.91306029999987
0.0006733000000167522
0.4052207999998245
0.5987968000001729
1.4167617000000519
1.5071321000000353
1.1777498000001287
1.6085385000001224
1.6961989999999787
2.202775900000006
2.828480400000217
3.310413900000185
3.510602199999994
3.9456239999999525
4.190994199999977
4.175522799999953
10.766143199999988
6.860500600000023
6.670119200000045
5.83946190000006
6.193699300000162
8.820647100000087
0.00038939999990361684
0.23299410000004173
0.3504451000001154
0.6019082000000253
1.150890299999901
1.1322589999999764
1.2999877000002016
1.4729029999998602
1.6657163999998374
2.1889569999998457
2.1314306999997825
2.237451299999975
2.7065803000000415
2.5254360999997516
2.9535808999999063
3.067927399999917
3.252455100000134
3.6695864000002985
3.62437940000018
4.803298799999993
5.233793699999751
